<?xml version="1.0"?>
<opencv_storage>
<camera_matrix type_id="opencv-matrix">
  <rows>3</rows>
  <cols>3</cols>
  <dt>d</dt>
  <data>
    4576.7729978485486 0. 578.37513547755054 0. 12913.79978414401
    787.02491176165938 0. 0. 1.</data></camera_matrix>
<distortion_coefficients type_id="opencv-matrix">
  <rows>1</rows>
  <cols>5</cols>
  <dt>d</dt>
  <data>
    2.9606285102171666 -199.31671674261739 -0.017934652741790898
    -0.015950095417106992 -2.1977418815948222</data></distortion_coefficients>
</opencv_storage>
